8.8538E-13
8.2662E-13
8.0583E-13
7.9472E-13
7.8731E-13
7.8134E-13
7.7727E-13
7.8108E-13
7.6797E-13
7.6466E-13
7.5992E-13
7.5837E-13
7.5385E-13
7.5091E-13
7.4773E-13
7.4617E-13
7.4409E-13
7.4130E-13
7.3937E-13
7.3706E-13
7.3554E-13
7.3464E-13
7.3128E-13
7.3232E-13
7.3509E-13
7.5090E-13
7.8070E-13
8.4048E-13
9.3423E-13
1.6253E-12
8.9742E-13
7.9432E-13
7.5065E-13
7.8093E-13
7.5984E-13
7.7408E-13
7.4567E-13
8.0414E-13
7.7953E-13
8.2208E-13
8.2284E-13
9.2378E-13
1.0163E-12
1.1523E-12
1.5194E-12
2.9136E-12
6.3315E-12
4.9034E-12
4.7941E-12
1.2899E-11
1.9208E-11
5.4900E-11
1.5292E-10
1.4619E-10
3.3336E-10
3.0591E-10
6.6042E-10
4.9677E-10
5.6434E-10
1.2587E-09
1.4325E-09
9.7390E-10
3.2351E-09
3.5969E-09
5.9367E-09
1.0394E-08
1.9907E-08
4.9737E-08
4.3388E-08
4.2250E-08
4.5230E-08
5.2254E-08
6.1220E-08
3.1242E-08
7.6531E-08
4.1776E-08
1.0816E-07
1.5449E-07
1.9769E-07
1.3419E-07
2.8813E-07
6.9314E-07
5.0990E-07
1.4170E-06
9.9762E-07
2.6348E-06
2.0743E-06
4.9418E-06
4.2301E-06
7.1470E-06
1.6898E-05
1.5378E-05
1.8707E-05
3.0918E-05
2.9440E-05
6.1864E-05
1.2183E-04
4.7082E-05
9.2223E-05
8.7744E-05
1.5026E-04
8.2447E-05
1.6315E-04
1.5637E-04
1.4031E-04
1.4436E-04
1.6486E-04
1.8065E-04
1.6544E-04
1.9936E-04
2.8867E-04
1.9242E-04
2.2231E-04
2.5220E-04
2.1394E-04
2.0052E-04
2.3321E-04
3.3674E-04
2.8155E-04
2.6833E-04
3.5048E-04
2.7661E-04
2.9511E-04
3.9961E-04
3.3639E-04
3.4804E-04
3.7136E-04
3.5928E-04
6.6208E-04
8.0957E-04
5.2644E-04
7.9033E-04
9.5418E-04
9.9670E-04
6.8734E-04
8.7461E-04
5.7488E-04
7.9462E-04
8.0884E-04
8.4740E-04
9.3828E-04
9.0869E-04
5.0017E-04
5.4342E-04
5.4439E-04
