8.5702E-13
8.2604E-13
8.1015E-13
8.0067E-13
7.9330E-13
7.8714E-13
7.8282E-13
7.7927E-13
7.7346E-13
7.6893E-13
7.6487E-13
7.6169E-13
7.5809E-13
7.5509E-13
7.5216E-13
7.5017E-13
7.4810E-13
7.4485E-13
7.4240E-13
7.4027E-13
7.3985E-13
7.3708E-13
7.3453E-13
7.3775E-13
7.7057E-13
7.5457E-13
7.7533E-13
8.2858E-13
9.1575E-13
1.5835E-12
9.0965E-13
8.4029E-13
8.7991E-13
8.1730E-13
1.0727E-12
9.0017E-13
7.6549E-13
1.1502E-12
9.6078E-13
8.1994E-13
1.0966E-12
1.1585E-12
1.3182E-12
2.3571E-12
2.7547E-12
7.3277E-12
1.4151E-11
1.4345E-11
1.1207E-11
3.6372E-11
6.5536E-11
1.5587E-10
3.7130E-10
3.2198E-10
7.7876E-10
1.1401E-09
1.3471E-09
2.0546E-09
3.8011E-09
6.9501E-09
1.1292E-08
5.7949E-09
1.9697E-08
3.4047E-08
5.5241E-08
8.3170E-08
5.5084E-08
1.5379E-07
2.2189E-07
3.1092E-07
4.1207E-07
5.3021E-07
6.5170E-07
3.0561E-07
8.3632E-07
4.4509E-07
1.1968E-06
1.7136E-06
2.1183E-06
9.9692E-07
9.3597E-07
1.3905E-06
1.0407E-06
2.6716E-06
1.8674E-06
4.8805E-06
3.3610E-06
9.0826E-06
6.2917E-06
1.6708E-05
3.8930E-05
5.1842E-05
1.4635E-04
5.2594E-04
6.2413E-04
5.3151E-04
5.2221E-04
5.2320E-04
5.3346E-04
5.4366E-04
5.3601E-04
5.4666E-04
5.6801E-04
6.0668E-04
5.7778E-04
5.9251E-04
6.0915E-04
6.0052E-04
6.5475E-04
3.0495E-04
8.6786E-04
6.3623E-04
5.0162E-04
1.0005E-03
6.5979E-04
4.5935E-04
5.2080E-04
5.6124E-04
5.0877E-04
4.0422E-04
7.7583E-04
8.1406E-04
7.0291E-04
8.6028E-04
7.0366E-04
6.8657E-04
6.4660E-04
7.1465E-04
5.8973E-04
5.8723E-04
7.3501E-04
7.6531E-04
6.4355E-04
9.5089E-04
5.3813E-04
6.4481E-04
6.3128E-04
7.3983E-04
6.4933E-04
8.5077E-04
9.4469E-04
7.4237E-04
6.5820E-04
7.2690E-04
9.8909E-04
