1.2228E-14
7.5615E-14
5.9590E-14
7.8118E-14
1.1506E-13
1.0696E-13
9.1343E-14
9.0225E-14
1.1751E-13
8.9786E-14
8.7799E-14
8.6749E-14
7.7876E-14
9.3575E-14
9.8333E-14
8.7745E-14
1.0244E-13
8.8343E-14
1.1436E-13
1.1452E-13
1.1128E-13
1.2481E-13
1.3197E-13
1.1331E-13
1.3580E-13
1.4306E-13
1.6753E-13
1.8023E-13
6.4296E-13
2.1032E-13
2.1248E-13
2.9537E-13
6.9572E-13
7.0907E-13
1.7359E-12
2.2119E-12
6.2251E-12
1.0796E-11
2.7529E-11
6.1371E-11
1.1299E-10
2.8914E-10
1.6703E-10
7.1772E-10
4.3071E-10
1.8090E-09
1.0476E-09
4.3555E-09
2.4817E-09
1.0276E-08
2.4007E-08
1.2694E-08
1.0084E-08
3.9735E-08
2.2415E-08
1.7782E-08
6.0174E-08
3.2968E-08
2.6050E-08
8.8994E-08
4.8848E-08
3.8567E-08
1.2185E-07
6.5711E-08
5.1821E-08
1.6022E-07
8.5923E-08
2.5100E-07
4.1238E-07
1.9873E-07
5.9691E-07
9.2430E-07
1.2508E-06
1.5370E-06
1.8120E-06
2.0256E-06
2.1997E-06
2.2919E-06
1.0480E-06
2.6166E-06
3.8232E-06
2.9365E-06
2.9146E-06
2.6105E-06
6.7799E-06
6.4823E-06
1.0023E-05
1.9094E-05
1.8279E-05
4.5155E-05
4.3098E-05
5.5933E-05
1.0334E-04
1.2115E-04
3.2050E-04
3.8347E-04
3.5491E-04
6.1311E-04
2.7329E-04
3.2866E-04
4.0856E-04
3.7805E-04
4.9665E-04
5.1279E-04
4.3743E-04
4.0786E-04
3.6079E-04
3.9292E-04
4.5751E-04
7.5576E-04
4.5388E-04
5.0059E-04
8.5779E-04
7.3517E-04
4.8996E-04
4.3160E-04
4.1750E-04
6.3892E-04
5.5955E-04
6.9574E-04
6.3420E-04
6.0097E-04
5.3761E-04
9.5413E-04
5.9855E-04
5.1015E-04
5.4412E-04
4.9627E-04
3.9636E-04
4.1468E-04
6.2035E-04
5.3067E-04
6.6517E-04
4.4922E-04
5.4071E-04
9.5413E-04
4.7981E-04
5.8632E-04
3.4822E-04
3.9925E-04
4.0661E-04
8.9284E-04
6.2488E-04
6.9620E-04
7.8077E-04
