1.2645E-12
1.9030E-12
1.9154E-12
2.0725E-12
2.2150E-12
2.3654E-12
2.4974E-12
2.6262E-12
2.7344E-12
2.8421E-12
2.9191E-12
2.9995E-12
3.0658E-12
3.1023E-12
3.2410E-12
3.2231E-12
2.9534E-12
2.7332E-12
2.4843E-12
2.2541E-12
2.0642E-12
1.9199E-12
1.7837E-12
1.7588E-12
1.7938E-12
1.8817E-12
2.0814E-12
2.3182E-12
2.5407E-12
2.7223E-12
2.8705E-12
2.9665E-12
3.1094E-12
3.0756E-12
3.1007E-12
3.5759E-12
6.2070E-12
4.9228E-12
1.6178E-11
4.5886E-11
1.2466E-10
3.3268E-10
1.8348E-10
8.4538E-10
4.8960E-10
2.1416E-09
1.2259E-09
5.1689E-09
2.9386E-09
1.2206E-08
2.8525E-08
1.5083E-08
1.1973E-08
4.7215E-08
2.6623E-08
2.1047E-08
7.1350E-08
3.9024E-08
3.0821E-08
1.0547E-07
5.7803E-08
4.5610E-08
1.4474E-07
7.8028E-08
6.1534E-08
1.9037E-07
1.0207E-07
2.9825E-07
4.9002E-07
2.3609E-07
7.0927E-07
1.0983E-06
1.4863E-06
1.8263E-06
2.1531E-06
2.4069E-06
2.6129E-06
2.7226E-06
1.2438E-06
3.0996E-06
4.4498E-06
2.0793E-06
1.6532E-06
1.1983E-06
1.7381E-06
1.5806E-06
2.3114E-06
4.2992E-06
4.1221E-06
9.8068E-06
9.9789E-06
1.0383E-05
2.2512E-05
2.1521E-05
4.8663E-05
1.0309E-04
9.9845E-05
2.0496E-04
2.0466E-04
3.8641E-04
1.8730E-04
2.7029E-04
2.3121E-04
3.9751E-04
2.1361E-04
2.9218E-04
2.5959E-04
5.4337E-04
5.6117E-04
3.5452E-04
4.2035E-04
5.4532E-04
4.2609E-04
3.5272E-04
5.6940E-04
7.4016E-04
5.1506E-04
4.6198E-04
7.6006E-04
5.8053E-04
5.0132E-04
4.8232E-04
4.9532E-04
6.7830E-04
5.8663E-04
3.9811E-04
3.5385E-04
3.6131E-04
2.8130E-04
2.4341E-04
5.8980E-04
5.6066E-04
4.9584E-04
5.2761E-04
6.2119E-04
7.1838E-04
6.3379E-04
4.7334E-04
4.6264E-04
7.3437E-04
5.4667E-04
7.7492E-04
8.1186E-04
6.7552E-04
5.3794E-04
